[
    {
        "id": 0,
        "position": [
            0.0,
            0.0,
            0.0
        ],
        "rotation": [
            [
                1.0,
                0.0,
                0.0
            ],
            [
                0.0,
                1.0,
                0.0
            ],
            [
                0.0,
                0.0,
                -1.0
            ]
        ]
    },
    {
        "id": 1,
        "position": [
            -0.10606083253392934,
            -0.059712018226928114,
            0.9925651488348143
        ],
        "rotation": [
            [
                0.9999989337380861,
                -0.0014601682155555979,
                2.0771932804951267e-05
            ],
            [
                0.0014601826758029739,
                0.9999986789988656,
                -0.0007140497722139086
            ],
            [
                1.972927258265126e-05,
                -0.0007140793416669329,
                -0.9999997448506922
            ]
        ]
    },
    {
        "id": 2,
        "position": [
            -1.0987284637890478,
            0.05780852513116086,
            0.9642827205944586
        ],
        "rotation": [
            [
                0.9999933046852922,
                0.0006472754872870517,
                0.0036016133928331562
            ],
            [
                -0.0006412666997400707,
                0.9999984011648928,
                -0.001669264711843184
            ],
            [
                0.003602688108576141,
                -0.0016669439408571096,
                -0.9999921209371053
            ]
        ]
    },
    {
        "id": 3,
        "position": [
            -1.1872531642692818,
            -0.08051066831732928,
            1.9507061479970347
        ],
        "rotation": [
            [
                0.9999935101533828,
                0.00024086481902281192,
                0.0035946676138930976
            ],
            [
                -0.0002332552123489113,
                0.9999977315586086,
                -0.002117184366929478
            ],
            [
                0.003595169414828274,
                -0.002116332151771167,
                -0.9999912979096877
            ]
        ]
    },
    {
        "id": 4,
        "position": [
            -0.5884019289296001,
            -0.8796610092007991,
            2.0030122719020844
        ],
        "rotation": [
            [
                0.9995235720512013,
                0.0031890724002696814,
                0.03069949073244656
            ],
            [
                -0.002011657160590124,
                0.999263966424448,
                -0.038307683839511
            ],
            [
                0.030799060853764104,
                -0.03822767613791915,
                -0.998794304462946
            ]
        ]
    },
    {
        "id": 5,
        "position": [
            -1.1871632204640177,
            -0.07916114724879283,
            2.0291826134140614
        ],
        "rotation": [
            [
                0.9958807056754952,
                -0.02446614029570475,
                -0.08730995385583576
            ],
            [
                0.03474304500621623,
                0.9923816262815907,
                0.11820164399195163
            ],
            [
                -0.0837528559929364,
                0.12074815028701054,
                -0.9891437424941287
            ]
        ]
    },
    {
        "id": 6,
        "position": [
            -0.2083013391453487,
            -0.228076700425749,
            2.169373823278587
        ],
        "rotation": [
            [
                0.9735586375176856,
                -0.0016353115661538135,
                0.22843140123632033
            ],
            [
                -0.015936947701133346,
                0.9970516645462449,
                0.07505992221906634
            ],
            [
                0.22788065519626305,
                0.0767157349025755,
                -0.9706621981954787
            ]
        ]
    },
    {
        "id": 7,
        "position": [
            0.24763038343401456,
            -1.11199150419129,
            2.27339730154161
        ],
        "rotation": [
            [
                0.9528404402622069,
                0.047338305710861735,
                0.29975686850070227
            ],
            [
                -0.029286620490927104,
                0.9974922222704313,
                -0.06443260331708534
            ],
            [
                0.3020552751751608,
                -0.05261512446456441,
                -0.951837307220323
            ]
        ]
    },
    {
        "id": 8,
        "position": [
            -0.14822493061212247,
            -1.1119524939111556,
            3.191710194198373
        ],
        "rotation": [
            [
                0.952950280410756,
                0.044053518934216,
                0.2999084035744449
            ],
            [
                -0.025830467898154012,
                0.997585950132896,
                -0.06445974732815922
            ],
            [
                0.3020240884320671,
                -0.053680159900660905,
                -0.9517877339196052
            ]
        ]
    },
    {
        "id": 9,
        "position": [
            -0.4777239795715462,
            -1.1031269444377836,
            4.135824851648053
        ],
        "rotation": [
            [
                0.9528321411300492,
                0.046585566804139764,
                0.2999011433707132
            ],
            [
                -0.028815760176947338,
                0.9975716481321487,
                -0.0634070879975911
            ],
            [
                0.3021267330028044,
                -0.05177443199540477,
                -0.9518607279411228
            ]
        ]
    },
    {
        "id": 10,
        "position": [
            -0.11273030890195423,
            -1.0297903878986387,
            3.2077077416634787
        ],
        "rotation": [
            [
                0.9529611870233129,
                0.04124577133528035,
                0.3002728132450132
            ],
            [
                -0.023514183572386833,
                0.9977723589760403,
                -0.062429182553622696
            ],
            [
                0.30217885299610253,
                -0.05243191785875655,
                -0.9518081922276206
            ]
        ]
    },
    {
        "id": 11,
        "position": [
            -0.509975315334332,
            -1.009736423298774,
            4.125201198516642
        ],
        "rotation": [
            [
                0.9528673102340653,
                0.04231602724534299,
                0.3004217750521205
            ],
            [
                -0.02512311190933735,
                0.9978297797612167,
                -0.06086509565978495
            ],
            [
                0.3023453626819594,
                -0.050448830113843435,
                -0.9518624886005633
            ]
        ]
    },
    {
        "id": 12,
        "position": [
            -0.1179276960108287,
            -1.0015376368864115,
            3.205292809553841
        ],
        "rotation": [
            [
                0.9527943897758453,
                0.041868419794260696,
                0.30071562353094317
            ],
            [
                -0.0251213204012817,
                0.9979213907521972,
                -0.05934489986931289
            ],
            [
                0.30257523043528806,
                -0.048989114128899794,
                -0.9518656925343495
            ]
        ]
    },
    {
        "id": 13,
        "position": [
            -0.5120504794730111,
            -1.0439179810733632,
            4.123372946569461
        ],
        "rotation": [
            [
                0.953065416855976,
                0.030155521635949086,
                0.30125895124959606
            ],
            [
                -0.012620346004843944,
                0.9981195386944903,
                -0.05998427579806282
            ],
            [
                0.30250130257547625,
                -0.05336694661645938,
                -0.9516537873349611
            ]
        ]
    },
    {
        "id": 14,
        "position": [
            -0.11627398210677697,
            -1.0599555362809339,
            3.2051661283876975
        ],
        "rotation": [
            [
                0.9532092569610356,
                0.02881315286322371,
                0.3009350671920252
            ],
            [
                -0.011631598974717067,
                0.9982060983144471,
                -0.058730666547739736
            ],
            [
                0.30208743494074475,
                -0.05248225900179134,
                -0.951834436307591
            ]
        ]
    },
    {
        "id": 15,
        "position": [
            -0.1623125984340486,
            -2.057679624770646,
            3.254431623960591
        ],
        "rotation": [
            [
                0.9532116284204988,
                0.09201692613203585,
                0.28795915812689676
            ],
            [
                -0.026469492779379964,
                0.9742952380504781,
                -0.22371444983318847
            ],
            [
                0.3011427525210268,
                -0.20562508216989445,
                -0.9311451917862661
            ]
        ]
    },
    {
        "id": 16,
        "position": [
            -0.0880465634430286,
            -3.0317719154974547,
            3.468040531062588
        ],
        "rotation": [
            [
                0.9510586086128862,
                0.10641994168818056,
                0.2901074266446896
            ],
            [
                -0.028167710893331376,
                0.9647746032313013,
                -0.26156556543802967
            ],
            [
                0.3077240696571325,
                -0.24059252060480038,
                -0.9205547979249683
            ]
        ]
    },
    {
        "id": 17,
        "position": [
            0.27896682476367646,
            -3.208411406812246,
            2.5547499623030685
        ],
        "rotation": [
            [
                0.9511578019569662,
                0.10542949473212297,
                0.2901438564176752
            ],
            [
                -0.027243082577881897,
                0.9648739420035568,
                -0.2612969393126774
            ],
            [
                0.30750065077661937,
                -0.2406302094148781,
                -0.9206196022727877
            ]
        ]
    },
    {
        "id": 18,
        "position": [
            -0.10635709788256462,
            -2.991438631766789,
            3.451660375625149
        ],
        "rotation": [
            [
                0.9512108387174616,
                0.10502210365074999,
                0.2901177313629639
            ],
            [
                -0.026963369611138707,
                0.9649844256571878,
                -0.2609176784702063
            ],
            [
                0.30736121584486437,
                -0.24036517215237416,
                -0.9207353946767357
            ]
        ]
    },
    {
        "id": 19,
        "position": [
            0.2767614724138345,
            -3.2493599176337224,
            2.564701091671939
        ],
        "rotation": [
            [
                0.9510149779335938,
                0.10744115276906911,
                0.28987395612165257
            ],
            [
                -0.029835722204756148,
                0.9651854806937707,
                -0.2598592263870135
            ],
            [
                0.3077017085205783,
                -0.23848141761904765,
                -0.9211114330111878
            ]
        ]
    },
    {
        "id": 20,
        "position": [
            1.1329599313544174,
            -3.3878017374945575,
            3.0624541041403557
        ],
        "rotation": [
            [
                0.8953243030084338,
                0.12387183644077955,
                0.42784361696681766
            ],
            [
                0.003063965958536927,
                0.9588153202407481,
                -0.28401372111966394
            ],
            [
                0.4454043158244683,
                -0.25559528518425906,
                -0.85807111921828
            ]
        ]
    },
    {
        "id": 21,
        "position": [
            1.8998711113846778,
            -3.47271597167846,
            3.698564797948868
        ],
        "rotation": [
            [
                0.8497213748149405,
                0.13602244069233516,
                0.5093834320143377
            ],
            [
                0.023896313843443887,
                0.9552177053767978,
                -0.2949374535717399
            ],
            [
                0.5266901853721009,
                -0.2627870448914624,
                -0.8084184669278105
            ]
        ]
    },
    {
        "id": 22,
        "position": [
            2.609359146450607,
            -3.5356807424381054,
            4.40046376912739
        ],
        "rotation": [
            [
                0.8167045916635992,
                0.1447071882267943,
                0.5586174358459344
            ],
            [
                0.03651331595395358,
                0.953148387454822,
                -0.3002914072202545
            ],
            [
                0.575899633368207,
                -0.26564634604633625,
                -0.7731569252865759
            ]
        ]
    },
    {
        "id": 23,
        "position": [
            2.265052239527862,
            -3.3285167316687776,
            5.31617978759997
        ],
        "rotation": [
            [
                0.8151113626208186,
                0.143504466144264,
                0.5612485498627842
            ],
            [
                0.03883984242862742,
                0.9531143125224333,
                -0.3001076038773602
            ],
            [
                0.5780008072369335,
                -0.26641992316931185,
                -0.7713206151607188
            ]
        ]
    },
    {
        "id": 24,
        "position": [
            1.689696239777953,
            -3.0776074910497835,
            6.094646245787979
        ],
        "rotation": [
            [
                0.8147021124865578,
                0.14348322179634587,
                0.5618478735145992
            ],
            [
                0.03885245115660276,
                0.9532204911402206,
                -0.29976854789907925
            ],
            [
                0.5785766629834451,
                -0.2660512362935764,
                -0.7710160729307783
            ]
        ]
    },
    {
        "id": 25,
        "position": [
            1.0923319453303182,
            -2.829697059640202,
            6.857336430409099
        ],
        "rotation": [
            [
                0.8139826410668325,
                0.14535813863294153,
                0.562408456173115
            ],
            [
                0.03616858291031424,
                0.9536245214435852,
                -0.29881784704357217
            ],
            [
                0.5797621009104665,
                -0.2635740572109929,
                -0.7709764086619103
            ]
        ]
    },
    {
        "id": 26,
        "position": [
            0.9390028521770101,
            -3.7799212005909237,
            7.128563772591347
        ],
        "rotation": [
            [
                0.8122489676567918,
                0.20529275985802195,
                0.5459912978155864
            ],
            [
                0.026677804138757436,
                0.9219674890278113,
                -0.3863473099972217
            ],
            [
                0.5827005314111222,
                -0.32837605260681424,
                -0.743390381137368
            ]
        ]
    },
    {
        "id": 27,
        "position": [
            0.32116325258672357,
            -3.4328450956005625,
            7.834121995931444
        ],
        "rotation": [
            [
                0.8124154389187345,
                0.20375708429295497,
                0.5463187761800886
            ],
            [
                0.027999777470208428,
                0.9222410438842521,
                -0.38560014190467556
            ],
            [
                0.5824063590553363,
                -0.32856431269345465,
                -0.7435377094379163
            ]
        ]
    },
    {
        "id": 28,
        "position": [
            -0.3149465612155066,
            -3.188141257737785,
            8.565889948577444
        ],
        "rotation": [
            [
                0.812210858026889,
                0.20398904111071153,
                0.5465363603731712
            ],
            [
                0.027724788935368044,
                0.9223137679013103,
                -0.3854460398268222
            ],
            [
                0.5827047778950399,
                -0.3282160639676626,
                -0.7434577036872145
            ]
        ]
    },
    {
        "id": 29,
        "position": [
            -0.9505885825303912,
            -2.904867169855495,
            9.28402295288318
        ],
        "rotation": [
            [
                0.8129781777575261,
                0.20025956118733743,
                0.5467747165360727
            ],
            [
                0.032044218965679966,
                0.9221915518792685,
                -0.385403567281608
            ],
            [
                0.5814117736345946,
                -0.3308456585714341,
                -0.7433044461615359
            ]
        ]
    },
    {
        "id": 30,
        "position": [
            -1.5902492351868909,
            -2.679228147520555,
            10.018816312299823
        ],
        "rotation": [
            [
                0.8128310386592519,
                0.20101560041699498,
                0.5467160423667043
            ],
            [
                0.03115419907206967,
                0.9222235021096129,
                -0.3854000882678436
            ],
            [
                0.5816658133948502,
                -0.33029765446590786,
                -0.7433494070637479
            ]
        ]
    },
    {
        "id": 31,
        "position": [
            -2.06153229768842,
            -3.520219486435664,
            10.284571543422294
        ],
        "rotation": [
            [
                0.8186152173629831,
                0.2254748628911291,
                0.5282331039474684
            ],
            [
                0.025663713213178695,
                0.9044395274982786,
                -0.42582920863041446
            ],
            [
                0.5737686813741759,
                -0.3621466930719119,
                -0.73460143817666
            ]
        ]
    },
    {
        "id": 32,
        "position": [
            -2.0378531130575994,
            -3.3858124944941794,
            10.26835977092566
        ],
        "rotation": [
            [
                0.8185981818512028,
                0.22483546903073878,
                0.5285319560212282
            ],
            [
                0.02754545474574783,
                0.9037731722661599,
                -0.42712445611883987
            ],
            [
                0.5737057299633205,
                -0.3642019562793348,
                -0.7336338803855496
            ]
        ]
    },
    {
        "id": 33,
        "position": [
            -1.8417507772382606,
            -2.4097506802244366,
            10.174300169551511
        ],
        "rotation": [
            [
                0.8130526567031405,
                0.17413717423267233,
                0.5555372372561694
            ],
            [
                0.0400580282872412,
                0.9352252837572288,
                -0.35177979332382353
            ],
            [
                0.5808104095121702,
                -0.308269221901044,
                -0.7534118097234934
            ]
        ]
    },
    {
        "id": 34,
        "position": [
            -1.2030991203485781,
            -2.5783065036525037,
            9.423491941346366
        ],
        "rotation": [
            [
                0.8128836919657693,
                0.17599267128986304,
                0.5551996784836524
            ],
            [
                0.03754067020028851,
                0.9354390113430389,
                -0.35148905265807895
            ],
            [
                0.5812149356451575,
                -0.30656228683551495,
                -0.7537962343187807
            ]
        ]
    },
    {
        "id": 35,
        "position": [
            -1.2304918773324527,
            -3.4784291681308352,
            9.858266395238562
        ],
        "rotation": [
            [
                0.7964155400445443,
                0.2539604291868892,
                0.548840949622713
            ],
            [
                0.03700762234300577,
                0.8853829926344883,
                -0.4633868710290762
            ],
            [
                0.6036163711034234,
                -0.3893598037301918,
                -0.6957343025718362
            ]
        ]
    },
    {
        "id": 36,
        "position": [
            -1.862926461216934,
            -3.095838218213958,
            10.531802334998696
        ],
        "rotation": [
            [
                0.7965062417523276,
                0.2531848602073583,
                0.5490676036804178
            ],
            [
                0.03768446643884018,
                0.88555130174586,
                -0.46301055383806866
            ],
            [
                0.6034547935336945,
                -0.3894821158127774,
                -0.6958060028651715
            ]
        ]
    },
    {
        "id": 37,
        "position": [
            -3.717909744663484,
            -1.815997295739094,
            12.51176680085283
        ],
        "rotation": [
            [
                0.7969782774222866,
                0.24831625495654344,
                0.5506039073974637
            ],
            [
                0.04277809728433493,
                0.8860893901028158,
                -0.46153616016510945
            ],
            [
                0.6024912113132671,
                -0.3913880814122738,
                -0.6955714988544958
            ]
        ]
    },
    {
        "id": 38,
        "position": [
            -3.7405274810538995,
            -0.8673226750338892,
            12.19632282479623
        ],
        "rotation": [
            [
                0.8080379182134013,
                0.18085838677418548,
                0.560682589940855
            ],
            [
                0.05624817079301892,
                0.9236803007327389,
                -0.3790129883272043
            ],
            [
                0.5864391409274992,
                -0.3377942361434248,
                -0.736195753870189
            ]
        ]
    },
    {
        "id": 39,
        "position": [
            -4.124915418250868,
            -1.7615869807351063,
            12.425532914639993
        ],
        "rotation": [
            [
                0.823880465682718,
                0.2717466936288287,
                0.49736778420824623
            ],
            [
                0.029407440852374896,
                0.855879055991685,
                -0.5163392721237628
            ],
            [
                0.5660001596191764,
                -0.44002815366358755,
                -0.6971506603987978
            ]
        ]
    },
    {
        "id": 40,
        "position": [
            -3.512544500920249,
            -2.127183812396985,
            11.724575842996906
        ],
        "rotation": [
            [
                -0.7042938517750752,
                -0.07784541419459574,
                0.7056275659586252
            ],
            [
                -0.09476696310222035,
                -0.974764004472883,
                -0.20212461079337407
            ],
            [
                -0.7035548259064129,
                0.20922530218131863,
                -0.6791431217872503
            ]
        ]
    },
    {
        "id": 41,
        "position": [
            -2.882394606066917,
            -2.4593526344119296,
            11.022738978976836
        ],
        "rotation": [
            [
                -0.7053316235454166,
                -0.0735775102968074,
                0.7050486868332598
            ],
            [
                -0.10074420290847036,
                -0.9740989536608343,
                -0.20243970474490533
            ],
            [
                -0.7016821975845742,
                0.21381669358446342,
                -0.6796502888526498
            ]
        ]
    },
    {
        "id": 42,
        "position": [
            -3.073784599807297,
            -3.344494795646391,
            11.446877193125529
        ],
        "rotation": [
            [
                -0.7050734144087254,
                -0.1045920770873329,
                0.7013786264953998
            ],
            [
                -0.11253533663587313,
                -0.9600264896586147,
                -0.256290727811227
            ],
            [
                -0.7001480402759593,
                0.2596336583810292,
                -0.6651188503819576
            ]
        ]
    },
    {
        "id": 43,
        "position": [
            -2.76894535536418,
            -3.6522823594330904,
            12.348176172724191
        ],
        "rotation": [
            [
                -0.33685149187818086,
                -0.3200571766459984,
                0.8854910931775828
            ],
            [
                -0.3803278845049624,
                -0.8140632077737086,
                -0.43892117061855157
            ],
            [
                -0.8613255904055213,
                0.4846282053559981,
                -0.15249173710730946
            ]
        ]
    },
    {
        "id": 44,
        "position": [
            -3.594697801005013,
            -3.1189615732049902,
            12.531756774899964
        ],
        "rotation": [
            [
                -0.3375037120849988,
                -0.3200092981516952,
                0.8852600145862798
            ],
            [
                -0.38153163303035137,
                -0.8132259659746288,
                -0.4394281980731609
            ],
            [
                -0.8605375397540977,
                0.48606334706609466,
                -0.15237311217163513
            ]
        ]
    },
    {
        "id": 45,
        "position": [
            -2.7951891122746377,
            -3.6988550063890657,
            12.375201791604573
        ],
        "rotation": [
            [
                -0.33489874154548593,
                -0.323028002307667,
                0.885152948724887
            ],
            [
                -0.3763952036444587,
                -0.8153310305868956,
                -0.43995677200783845
            ],
            [
                -0.8638110230743132,
                0.4805082936716411,
                -0.1514671453750802
            ]
        ]
    },
    {
        "id": 46,
        "position": [
            -3.5137525189719936,
            -4.178265154207169,
            12.87901975548092
        ],
        "rotation": [
            [
                -0.39128487418954133,
                -0.8538822689388539,
                0.34319268352094046
            ],
            [
                -0.3939188692430384,
                -0.18162849609801682,
                -0.9010210951245585
            ],
            [
                -0.8316995080464791,
                0.48774599967299276,
                0.26529185460212773
            ]
        ]
    },
    {
        "id": 47,
        "position": [
            -3.7444809433214763,
            -3.234462987104661,
            12.642372626679805
        ],
        "rotation": [
            [
                -0.3905666735284612,
                -0.8543305598442882,
                0.3428949810729987
            ],
            [
                -0.39384291132214955,
                -0.1816006724604955,
                -0.901059907532895
            ],
            [
                -0.8320729744020054,
                0.4869707283585329,
                0.2655448643671317
            ]
        ]
    },
    {
        "id": 48,
        "position": [
            -2.847338961685397,
            -2.965307094078744,
            12.292099347602575
        ],
        "rotation": [
            [
                -0.3694571462973342,
                -0.7903826743654914,
                0.4886682362428298
            ],
            [
                -0.4145621916438513,
                -0.33044874968874094,
                -0.8479043655322184
            ],
            [
                -0.831648727714575,
                0.5158477022261526,
                0.20557612166476466
            ]
        ]
    },
    {
        "id": 49,
        "position": [
            -3.6285632422611536,
            -1.1590942327800935,
            11.935863850333918
        ],
        "rotation": [
            [
                -0.36634990498417763,
                -0.7919717206199884,
                0.48843478669756235
            ],
            [
                -0.41312305085632506,
                -0.33190935910871455,
                -0.848036274098699
            ],
            [
                -0.8337368241652996,
                0.5124616776640545,
                0.20558681124162825
            ]
        ]
    },
    {
        "id": 50,
        "position": [
            -3.071557106583543,
            -0.9486774120627053,
            11.132453042355413
        ],
        "rotation": [
            [
                -0.3960980589346263,
                -0.7003365333287886,
                0.5938308410593292
            ],
            [
                -0.3445513845566831,
                -0.48610356905459134,
                -0.8031112398369608
            ],
            [
                -0.8511114328384313,
                0.522716041687458,
                0.048757242070345375
            ]
        ]
    },
    {
        "id": 51,
        "position": [
            -2.6705444327593337,
            -0.5918766708916104,
            10.288722003142013
        ],
        "rotation": [
            [
                -0.448295533202538,
                -0.5796335836681454,
                0.6804821993224137
            ],
            [
                -0.25717365200926134,
                -0.6454432694308205,
                -0.7192111641643724
            ],
            [
                -0.8560916000188675,
                0.49742124465133014,
                -0.14028284908232608
            ]
        ]
    },
    {
        "id": 52,
        "position": [
            -1.4705149299679516,
            -2.1506097916349582,
            9.930230416312451
        ],
        "rotation": [
            [
                -0.44989839783937874,
                -0.5789911680811264,
                0.6799710721093998
            ],
            [
                -0.2583922820241331,
                -0.6444249207103682,
                -0.7196873975260338
            ],
            [
                -0.8548829511763084,
                0.4994854841249043,
                -0.14031889016306204
            ]
        ]
    },
    {
        "id": 53,
        "position": [
            -0.915064165027026,
            -2.9702354731429543,
            9.789915805743592
        ],
        "rotation": [
            [
                -0.44803699338336805,
                -0.5808147414371181,
                0.6796448253972945
            ],
            [
                -0.2568571916226601,
                -0.6445360454438562,
                -0.7201372572192852
            ],
            [
                -0.8563219229190071,
                0.49721979270030064,
                -0.13958954858929096
            ]
        ]
    },
    {
        "id": 54,
        "position": [
            -1.8420656818746348,
            -3.0464874235958845,
            10.157140298138032
        ],
        "rotation": [
            [
                -0.44885963228944237,
                -0.5962039506148092,
                0.6656319401683441
            ],
            [
                -0.2520511494467275,
                -0.630170334346257,
                -0.7344083113449286
            ],
            [
                -0.8573186388756308,
                0.497419540208486,
                -0.13258413349723275
            ]
        ]
    },
    {
        "id": 55,
        "position": [
            -1.4671217226329873,
            -2.142054864341294,
            10.36065632499682
        ],
        "rotation": [
            [
                -0.42789898046030206,
                -0.5827626930095071,
                0.690861857506502
            ],
            [
                -0.2629418136994267,
                -0.6510487172804238,
                -0.7120373377400726
            ],
            [
                -0.864733522612304,
                0.4863365206971642,
                -0.12535040289799895
            ]
        ]
    },
    {
        "id": 56,
        "position": [
            -1.9998271916329708,
            -1.3086074058758972,
            10.507592424288578
        ],
        "rotation": [
            [
                -0.42243063030505834,
                -0.5855760627891654,
                0.6918475534887755
            ],
            [
                -0.25932100802240315,
                -0.6533091303760146,
                -0.7112944502564177
            ],
            [
                -0.8685073271874624,
                0.4798831679228559,
                -0.12412561285251325
            ]
        ]
    },
    {
        "id": 57,
        "position": [
            -2.559248041323842,
            -0.48910109831773335,
            10.631921523068879
        ],
        "rotation": [
            [
                -0.42462349355054213,
                -0.5832767005157484,
                0.692447239405565
            ],
            [
                -0.2613684918177506,
                -0.6532857530331302,
                -0.7105661379272512
            ],
            [
                -0.8668225886592025,
                0.4827069665121878,
                -0.12495032721348967
            ]
        ]
    },
    {
        "id": 58,
        "position": [
            -2.0603121293961872,
            0.2148942300147979,
            10.126497410590172
        ],
        "rotation": [
            [
                -0.4281445994318365,
                -0.5108421107997959,
                0.7454747076936644
            ],
            [
                -0.2567481756461398,
                -0.7221545270030956,
                -0.6423186229834172
            ],
            [
                -0.8664713360981567,
                0.4664045207355363,
                -0.17802878070055775
            ]
        ]
    },
    {
        "id": 59,
        "position": [
            -2.644357843277161,
            -0.27619547363507874,
            10.772811194341022
        ],
        "rotation": [
            [
                -0.4232281746834861,
                -0.5782913952197054,
                0.6974646760725036
            ],
            [
                -0.27741895029738356,
                -0.6501203236679461,
                -0.7073770499314939
            ],
            [
                -0.8625060221064988,
                0.492871815961039,
                -0.11472024608276149
            ]
        ]
    },
    {
        "id": 60,
        "position": [
            -2.100436422166266,
            -1.1102525918169621,
            10.680625451046094
        ],
        "rotation": [
            [
                0.5101650564080359,
                0.777210423370142,
                0.3683416525794779
            ],
            [
                0.14229224124531994,
                0.3460940156895322,
                -0.9273466721702723
            ],
            [
                0.8482243413753008,
                -0.5255120266070945,
                -0.06597405997617022
            ]
        ]
    },
    {
        "id": 61,
        "position": [
            -2.6018746142528846,
            -0.247268424547141,
            10.742415956453614
        ],
        "rotation": [
            [
                0.5106710829957181,
                0.7771890921563819,
                0.36768486510204595
            ],
            [
                0.1423838532482621,
                0.34530029810346596,
                -0.9276284506545907
            ],
            [
                0.8479044069505429,
                -0.5260654133877203,
                -0.06567569954749507
            ]
        ]
    },
    {
        "id": 62,
        "position": [
            -2.05494895021645,
            0.2936269203088031,
            10.103428833006307
        ],
        "rotation": [
            [
                0.5477739323424361,
                0.651554365424366,
                0.5248053238511846
            ],
            [
                0.11621044506141356,
                0.5619503323367515,
                -0.8189670057122226
            ],
            [
                0.8285160538605912,
                -0.5095966374330445,
                -0.2321043205375683
            ]
        ]
    },
    {
        "id": 63,
        "position": [
            -1.8767014039103498,
            0.9710922198694321,
            9.38979827023094
        ],
        "rotation": [
            [
                0.5650691792601948,
                0.6198992197737538,
                0.5444463058687159
            ],
            [
                0.10338323453729577,
                0.6014979115637996,
                -0.7921566569820611
            ],
            [
                0.8185406095404244,
                -0.5039099321389474,
                -0.2758007447867209
            ]
        ]
    },
    {
        "id": 64,
        "position": [
            -1.1776507106121676,
            0.3097116116994237,
            9.117945701113044
        ],
        "rotation": [
            [
                0.5608702937070861,
                0.6243273481641325,
                0.5437277590589426
            ],
            [
                0.09784533672443245,
                0.6021628918067834,
                -0.7923548080324717
            ],
            [
                0.8221014558545697,
                -0.49760949957294204,
                -0.27664775837978733
            ]
        ]
    },
    {
        "id": 65,
        "position": [
            -0.7637665439451867,
            1.1035921450141755,
            8.672464393529589
        ],
        "rotation": [
            [
                0.5666251057434493,
                0.5882149948371805,
                0.5770087602367154
            ],
            [
                0.10184528747404485,
                0.6449071597396646,
                -0.7574445806366619
            ],
            [
                0.817657340797811,
                -0.487952738659406,
                -0.3055136623364582
            ]
        ]
    },
    {
        "id": 66,
        "position": [
            0.7213090646814163,
            0.19838295951309712,
            8.017315310972037
        ],
