{
    "camera_angle_x": 0.1547509585530277,
    "fl_x": 12382.261345863986,
    "fl_y": 10095.39113228684,
    "cx": 1930.6066266887638,
    "cy": 1348.657911883616,
    "w": 1920,
    "h": 1080,
    "frames": [
        {
            "file_path": "./images/000.png",
            "transform_matrix": [
                [
                    0.999999408982868,
                    -0.0010872125247425393,
                    -1.6854599860575067e-06,
                    -0.7602370616879278
                ],
                [
                    -0.0010872125180783649,
                    -0.9999994089764949,
                    3.949862258872044e-06,
                    0.3854176050126165
                ],
                [
                    -1.689753329629839e-06,
                    -3.9480274712403485e-06,
                    -0.9999999999907789,
                    0.00025557615362876697
                ],
                [
                    0.0,
                    0.0,
                    0.0,
                    1.0
                ]
            ]
        },
        {
            "file_path": "./images/001.png",
            "transform_matrix": [
                [
                    0.9999992879131278,
                    -0.0011933855090845644,
                    -2.0649798869384352e-06,
                    -0.4067670994397537
                ],
                [
                    -0.0011933854993273205,
                    -0.9999992879041324,
                    4.719956050725769e-06,
                    0.6440930674306417
                ],
                [
                    -2.070611143029649e-06,
                    -4.717488371834071e-06,
                    -0.9999999999867291,
                    0.000524146403757488
                ],
                [
                    0.0,
                    0.0,
                    0.0,
                    1.0
                ]
            ]
        },
        {
            "file_path": "./images/002.png",
            "transform_matrix": [
                [
                    0.999999287913128,
                    -0.0011933855089021359,
                    -2.064979885092025e-06,
                    -0.4971302728821398
                ],
                [
                    -0.0011933854991449187,
                    -0.9999992879041325,
                    4.71995605020225e-06,
                    0.21551429568368907
                ],
                [
                    -2.0706111410065105e-06,
                    -4.7174883712651065e-06,
                    -0.9999999999867291,
                    -7.286707341296839e-06
                ],
                [
                    0.0,
                    0.0,
                    0.0,
                    1.0
                ]
            ]
        },
        {
            "file_path": "./images/003.png",
            "transform_matrix": [
                [
                    0.9998489689929112,
                    0.01737926641321769,
                    1.739973219408278e-05,
                    -0.09406656078140023
                ],
                [
                    0.017379266549375844,
                    -0.9998489691122553,
                    -7.704920766266781e-06,
                    0.027067469497987058
                ],
                [
                    1.726319842700952e-05,
                    8.006151669077506e-06,
                    -0.9999999998189418,
                    -0.00013161673996879778
                ],
                [
                    0.0,
                    0.0,
                    0.0,
                    1.0
                ]
            ]
        },
        {
            "file_path": "./images/004.png",
            "transform_matrix": [
                [
                    0.9997615187159881,
                    0.021838169566358083,
                    6.68513830736403e-06,
                    0.3021101566564887
                ],
                [
                    0.021838169614261025,
                    -0.9997615187115213,
                    -7.178474231006437e-06,
                    -0.16352030792588348
                ],
                [
                    6.5267792902558895e-06,
                    7.322753484211221e-06,
                    -0.9999999999518894,
                    0.0003584898642120897
                ],
                [
                    0.0,
                    0.0,
                    0.0,
                    1.0
                ]
            ]
        },
        {
            "file_path": "./images/005.png",
            "transform_matrix": [
                [
                    0.9997473033643706,
                    0.022479532398331517,
                    6.230630519207754e-06,
                    0.35112844504918067
                ],
                [
                    0.02247953245573175,
                    -0.9997473033392302,
                    -9.300966366879887e-06,
                    0.27220737639645254
                ],
                [
                    6.019974685783742e-06,
                    9.438677705675112e-06,
                    -0.999999999937336,
                    0.000554992399697132
                ],
                [
                    0.0,
                    0.0,
                    0.0,
                    1.0
                ]
            ]
        },
        {
            "file_path": "./images/006.png",
            "transform_matrix": [
                [
                    0.9998202563167995,
                    0.01895929906865225,
                    6.118329589096039e-06,
                    0.2191546343390877
                ],
                [
                    0.018959299109783903,
                    -0.9998202563120474,
                    -6.736210300631183e-06,
                    -0.14826756237206584
                ],
                [
                    5.989516033177915e-06,
                    6.85099875083741e-06,
                    -0.9999999999585951,
                    0.0004773734830781066
                ],
                [
                    0.0,
                    0.0,
                    0.0,
                    1.0
                ]
            ]
        },
        {
            "file_path": "./images/007.png",
            "transform_matrix": [
                [
                    0.9998151964261196,
                    0.01922428042219743,
                    6.1357426788306196e-06,
                    0.22362471643545365
                ],
                [
                    0.01922428046531988,
                    -0.9998151964192744,
                    -7.048208569808832e-06,
                    0.28986691658101693
                ],
                [
                    5.999112034478002e-06,
                    7.1648612745212214e-06,
                    -0.999999999956338,
                    0.00048516428394691666
                ],
                [
                    0.0,
                    0.0,
                    0.0,
                    1.0
                ]
            ]
        },
        {
            "file_path": "./images/008.png",
            "transform_matrix": [
                [
                    0.9998173000732511,
                    0.01911456084617645,
                    6.155583163436036e-06,
                    0.22932384020757493
                ],
                [
                    0.01911456088583838,
                    -0.9998173000706359,
                    -6.45017685501733e-06,
                    -0.1481614728231872
                ],
                [
                    6.031166239640707e-06,
                    6.566659678096105e-06,
                    -0.9999999999602522,
                    0.0004693759517339503
                ],
                [
                    0.0,
                    0.0,
                    0.0,
                    1.0
                ]
            ]
        },
        {
            "file_path": "./images/009.png",
            "transform_matrix": [
                [
                    0.9997068409253482,
                    0.024212231760386605,
                    6.3435312579819065e-06,
                    -0.08373980047846535
                ],
                [
                    0.02421223182676981,
                    -0.9997068408876101,
                    -1.060566912253088e-05,
                    -0.4477234937873036
                ],
                [
                    6.084884673939326e-06,
                    1.075615102456126e-05,
                    -0.9999999999236399,
                    0.0002518038893986511
                ],
                [
                    0.0,
                    0.0,
                    0.0,
                    1.0
                ]
            ]
        },
        {
            "file_path": "./images/010.png",
            "transform_matrix": [
                [
                    0.9997274547812869,
                    0.02334558008766559,
                    6.848306630035812e-06,
                    -0.4367849715059018
                ],
                [
                    0.023345580154509746,
                    -0.9997274547546698,
                    -9.848727614145407e-06,
                    -0.7083921209980236
                ],
                [
                    6.616515896067725e-06,
                    1.0005921082636654e-05,
                    -0.9999999999280517,
                    -7.33582510071215e-05
                ],
                [
                    0.0,
                    0.0,
                    0.0,
                    1.0
                ]
            ]
        },
        {
            "file_path": "./images/011.png",
            "transform_matrix": [
                [
                    0.9997274547840107,
                    0.023345579971013122,
                    6.848306626519167e-06,
                    -0.43899361347531174
                ],
                [
                    0.023345580037857274,
                    -0.9997274547573939,
                    -9.848727528746724e-06,
                    -0.27039592120429146
                ],
                [
                    6.616515895712953e-06,
                    1.0005920996407107e-05,
                    -0.9999999999280517,
                    -7.15676486143197e-05
                ],
                [
                    0.0,
                    0.0,
                    0.0,
                    1.0
                ]
            ]
        },
        {
            "file_path": "./images/012.png",
            "transform_matrix": [
                [
                    0.9997274547840106,
                    0.023345579971016637,
                    6.848306627648108e-06,
                    -0.103085322237827
                ],
                [
                    0.023345580037860792,
                    -0.9997274547573938,
                    -9.848727530031128e-06,
                    0.010693076149837399
                ],
                [
                    6.616515895712801e-06,
                    1.0005920996404373e-05,
                    -0.9999999999280517,
                    0.0003086588785503082
                ],
                [
                    0.0,
                    0.0,
                    0.0,
                    1.0
                ]
            ]
        },
        {
            "file_path": "./images/013.png",
            "transform_matrix": [
                [
                    0.9997274547840106,
                    0.023345579971017973,
                    6.848306628665041e-06,
                    -0.4515389458673621
                ],
                [
                    0.02334558003786187,
                    -0.999727454757394,
                    -9.848727530997284e-06,
                    -0.25468490992985426
                ],
                [
                    6.616515896693165e-06,
                    1.0005920997384509e-05,
                    -0.9999999999280516,
                    -7.319394558921675e-05
                ],
                [
                    0.0,
                    0.0,
                    0.0,
                    1.0
                ]
            ]
        },
        {
            "file_path": "./images/014.png",
            "transform_matrix": [
                [
                    0.9997274547835933,
                    0.02334557998889886,
                    6.848306574907131e-06,
                    -0.09691730036927995
                ],
                [
                    0.02334558005574309,
                    -0.9997274547569764,
                    -9.848727325025756e-06,
                    0.0023923264933288987
                ],
                [
                    6.616515847578907e-06,
                    1.0005920790331603e-05,
                    -0.9999999999280516,
                    0.0005031693509140712
                ],
                [
                    0.0,
                    0.0,
                    0.0,
                    1.0
                ]
            ]
        },
        {
            "file_path": "./images/015.png",
            "transform_matrix": [
                [
                    0.9997274547835758,
                    0.0233455799896462,
                    6.8483065701421356e-06,
                    0.33907572593876395
                ],
                [
                    0.023345580056490508,
                    -0.9997274547569588,
                    -9.848727321054569e-06,
                    -0.0394611236446768
                ],
                [
                    6.616515842900245e-06,
                    1.0005920786255677e-05,
                    -0.9999999999280516,
                    -0.0014764393213398724
                ],
                [
                    0.0,
                    0.0,
                    0.0,
                    1.0
                ]
            ]
        },
        {
            "file_path": "./images/016.png",
            "transform_matrix": [
                [
                    0.9997274547835521,
                    0.023345579990661527,
                    6.848306567881703e-06,
                    0.7770773581738383
                ],
                [
                    0.023345580057505835,
                    -0.999727454756935,
                    -9.848727320840165e-06,
                    -0.039806499763710264
                ],
                [
                    6.616515840635264e-06,
                    1.0005920786046612e-05,
                    -0.9999999999280514,
                    -0.0014746699935500821
                ],
                [
                    0.0,
                    0.0,
                    0.0,
                    1.0
                ]
            ]
        },
        {
            "file_path": "./images/017.png",
            "transform_matrix": [
                [
                    0.9996973862272801,
                    0.024599511124107108,
                    -4.774712329870688e-06,
                    0.927766071924982
                ],
                [
                    0.024599511036086246,
                    -0.9996973860842867,
                    -1.769261872410358e-05,
                    0.37316127920342496
                ],
                [
                    -5.208497208810056e-06,
                    1.756980910492834e-05,
                    -0.9999999998320864,
                    -0.0008806180515067738
                ],
                [
                    0.0,
                    0.0,
                    0.0,
                    1.0
                ]
            ]
        }
    ]
}